<?xml version="1.0"?>
<opencv_storage>
<calibration_Time>"Wed 11 Oct 2017 05:09:58 PM CST"</calibration_Time>
<nrOfFrames>16</nrOfFrames>
<image_Width>640</image_Width>
<image_Height>480</image_Height>
<board_Width>8</board_Width>
<board_Height>6</board_Height>
<square_Size>40.</square_Size>
<flagValue>0</flagValue>
<Camera_Matrix type_id="opencv-matrix">
  <rows>3</rows>
  <cols>3</cols>
  <dt>d</dt>
  <data>
    2.2055954041424400e+02 0. 3.2195267256866748e+02 0.
    2.2049649823920140e+02 2.0844142011878225e+02 0. 0. 1.</data></Camera_Matrix>
<Distortion_Coefficients type_id="opencv-matrix">
  <rows>5</rows>
  <cols>1</cols>
  <dt>d</dt>
  <data>
    -3.1777367497714731e-02 -3.0326105716825664e-02
    5.8161463251429272e-04 -3.6718120233093581e-04
    5.8436996921485719e-03</data></Distortion_Coefficients>
<Avg_Reprojection_Error>3.6900985719882567e-01</Avg_Reprojection_Error>
<Per_View_Reprojection_Errors type_id="opencv-matrix">
  <rows>16</rows>
  <cols>1</cols>
  <dt>f</dt>
  <data>
    3.15212756e-01 3.47358614e-01 3.15480649e-01 3.80717427e-01
    3.99707317e-01 2.63980985e-01 2.74392098e-01 3.05226952e-01
    3.46058100e-01 3.04732382e-01 3.78462702e-01 4.39459711e-01
    3.44622552e-01 6.28378451e-01 3.62520844e-01 3.49675119e-01</data></Per_View_Reprojection_Errors>
<!-- a set of 6-tuples (rotation vector + translation vector) for each view -->
<Extrinsic_Parameters type_id="opencv-matrix">
  <rows>16</rows>
  <cols>6</cols>
  <dt>d</dt>
  <data>
    4.4543586180183647e-01 -4.5553491524879386e-01
    -1.3550070670497702e-01 -2.6841010297435719e+02
    -1.5667680582723341e+02 2.0529869907832227e+02
    4.4533091184309681e-01 -3.1468879377066800e-01
    -8.5055284142881077e-02 -1.6597773537328047e+02
    -1.8469824764448953e+02 2.5291922782029982e+02
    4.2133722440000770e-01 -4.1940231248784855e-02
    -9.3874034113393318e-02 -3.8944567478823879e+00
    -2.0691881999067044e+02 3.0863779690122607e+02
    3.6983261979352444e-01 1.7101032003730623e-01
    -1.2366734376678133e-01 5.0806717675615666e+01
    -1.5648043951410571e+02 2.5969028366020410e+02
    2.0304895672325882e-01 1.7694254571661433e-01
    -1.0421662938512632e-01 4.3844076903836608e+01
    -7.9910680236361529e+01 2.7263788633303977e+02
    1.3139834250502633e-01 -8.9042135681962151e-03
    7.0937479095366024e-04 -7.2136332759535705e+01
    -7.1187601867131377e+01 2.5267053247536592e+02
    1.3095387530124891e-01 -1.9587095374204483e-01
    -4.1667689379805653e-02 -1.7953368384300722e+02
    -5.9530022325364371e+01 2.1490352957478237e+02
    1.1168778977518942e-01 -2.9634721947853443e-01
    1.3915497679968440e-02 -1.9816081362009862e+02
    -7.4958772849322770e+01 1.8588591082059847e+02
    -2.9063294659236696e-02 -2.8948646782359172e-01
    1.7849889758018857e-02 -2.3569642178247338e+02
    -1.4638919609712348e+01 1.7918359858183973e+02
    -2.1216962767089027e-02 -1.3060562421117530e-01
    2.7226023264055363e-02 -1.3736689429878288e+02
    -2.9360107821569507e+01 2.0012626674529287e+02
    -5.5038262329384829e-02 2.2205728603654867e-02
    3.7983850960720482e-02 -2.8698038502168714e+01
    -1.2150213680191179e+01 2.3154931219231176e+02
    -8.4664361317470849e-02 8.0783222798853777e-02
    2.1267634283704168e-02 1.4527986025968760e+01 5.4846442116905980e-01
    2.3740136204261120e+02 2.8014120887121130e-01
    -5.4076623412457236e-01 -1.0729581967472483e-01
    -1.8478719282932610e+02 -9.5733300141584692e+01
    1.4648084684617407e+02 4.0441848768921174e-01 3.7563229026689782e-01
    -1.4083733107037621e-01 3.0847805059520311e+01
    -1.6409980339834922e+02 2.8731286706907406e+02
    -2.4923046077949765e-01 4.6315167031190202e-01
    -2.6427169912734755e-01 -1.0031310891096174e+01
    8.1596704410785833e+01 3.6571846831079239e+02
    -2.8513980160897556e-01 -4.3710659604287166e-01
    4.5736080467680795e-02 -1.7148071899152896e+02
    -4.3368913523199566e+01 2.1415267612885069e+02</data></Extrinsic_Parameters>
<Image_points type_id="opencv-matrix">
  <rows>16</rows>
  <cols>48</cols>
  <dt>"2f"</dt>
  <data>
    7.91052628e+01 6.72684860e+01 1.15472610e+02 6.17557144e+01
    1.52293427e+02 5.84400902e+01 1.88328644e+02 5.66808929e+01
    2.22306747e+02 5.61756477e+01 2.53894272e+02 5.66111641e+01
    2.82661865e+02 5.75217514e+01 3.08802734e+02 5.85749359e+01
    8.82615280e+01 1.03265625e+02 1.23950706e+02 9.77317276e+01
    1.60246414e+02 9.39151459e+01 1.95059708e+02 9.16114807e+01
    2.27828934e+02 9.01843033e+01 2.57841888e+02 8.94620438e+01
    2.85290405e+02 8.91174393e+01 3.10037872e+02 8.86773071e+01
    9.87018890e+01 1.37304657e+02 1.34115997e+02 1.31854797e+02
    1.69095230e+02 1.27616653e+02 2.02560532e+02 1.24388657e+02
    2.33435440e+02 1.21944473e+02 2.61820221e+02 1.19771217e+02
    2.87601288e+02 1.18241928e+02 3.11328003e+02 1.16844696e+02
    1.10276741e+02 1.69401459e+02 1.44329178e+02 1.63400726e+02
    1.77828293e+02 1.58568161e+02 2.09554657e+02 1.54408508e+02
    2.38784210e+02 1.50791946e+02 2.65648071e+02 1.47564178e+02
    2.90211853e+02 1.44778198e+02 3.12452332e+02 1.42412521e+02
    1.21747780e+02 1.98369370e+02 1.54594849e+02 1.92075790e+02
    1.86267990e+02 1.86415039e+02 2.16341904e+02 1.81410522e+02
    2.43779526e+02 1.76638687e+02 2.69176971e+02 1.72607239e+02
    2.92342468e+02 1.68861435e+02 3.13488251e+02 1.65533524e+02
    1.33043274e+02 2.24582932e+02 1.64076859e+02 2.17671875e+02
    1.94250153e+02 2.11395248e+02 2.22327072e+02 2.05477875e+02
    2.48423248e+02 2.00121185e+02 2.72353607e+02 1.95352005e+02
    2.94257446e+02 1.90736633e+02 3.14408478e+02 1.86650436e+02
    1.85138641e+02 5.64599533e+01 2.19037781e+02 5.55294914e+01
    2.51765274e+02 5.55652885e+01 2.82607910e+02 5.63572884e+01
    3.11446899e+02 5.73653259e+01 3.38333466e+02 5.85895462e+01
    3.63358521e+02 6.00828056e+01 3.86349548e+02 6.15923538e+01
    1.91460480e+02 9.12796173e+01 2.24273132e+02 8.98765106e+01
    2.55464600e+02 8.94605026e+01 2.84640137e+02 8.91646957e+01
    3.12270844e+02 8.91261902e+01 3.37852783e+02 8.91448593e+01
    3.61814606e+02 8.94322052e+01 3.84055725e+02 8.99353943e+01
    1.98237396e+02 1.23696739e+02 2.29595718e+02 1.21942688e+02
    2.59348663e+02 1.20792931e+02 2.87062866e+02 1.19601990e+02
    3.13058807e+02 1.18870445e+02 3.37459839e+02 1.17965752e+02
    3.60395233e+02 1.17044319e+02 3.81684113e+02 1.16525696e+02
    2.04872604e+02 1.53678085e+02 2.34733185e+02 1.51418335e+02
    2.62897552e+02 1.49411057e+02 2.89281921e+02 1.47434494e+02
    3.14049805e+02 1.45564957e+02 3.37034424e+02 1.44080399e+02
    3.58831940e+02 1.42486313e+02 3.79499207e+02 1.41018814e+02
    2.11271667e+02 1.80568832e+02 2.39485672e+02 1.77728333e+02
    2.66255615e+02 1.75138901e+02 2.91230133e+02 1.72500870e+02
    3.14558716e+02 1.70187241e+02 3.36614197e+02 1.67762405e+02
    3.57524475e+02 1.65585541e+02 3.77247437e+02 1.63561493e+02
    2.17233902e+02 2.05244843e+02 2.43921921e+02 2.01624054e+02
    2.69239594e+02 1.98375275e+02 2.93004486e+02 1.95372528e+02
    3.15275452e+02 1.92275314e+02 3.36304871e+02 1.89519028e+02
    3.56077454e+02 1.86949036e+02 3.75305420e+02 1.84369659e+02
    3.19224854e+02 6.36805420e+01 3.47149445e+02 6.15402565e+01
    3.74417938e+02 5.94487305e+01 4.01399475e+02 5.82986145e+01
    4.27413177e+02 5.72317238e+01 4.52373840e+02 5.69768524e+01
    4.75845245e+02 5.73153152e+01 4.97891418e+02 5.83984451e+01
    3.21551544e+02 9.42635498e+01 3.47990051e+02 9.19957504e+01
    3.74455688e+02 8.96577606e+01 4.00404602e+02 8.80044937e+01
    4.25819275e+02 8.64905624e+01 4.50070709e+02 8.54275360e+01
    4.73431641e+02 8.48605347e+01 4.95255402e+02 8.49326553e+01
    3.23705109e+02 1.22686684e+02 3.49050964e+02 1.20325096e+02
    3.74119415e+02 1.18207115e+02 3.99130890e+02 1.15800522e+02
    4.23484650e+02 1.14279907e+02 4.47514069e+02 1.12548889e+02
    4.70318359e+02 1.11355957e+02 4.91815369e+02 1.10652130e+02
    3.25623962e+02 1.48630478e+02 3.50035431e+02 1.46474136e+02
