<?xml version="1.0"?>
<opencv_storage>
<calibration_Time>"Wed 11 Oct 2017 04:48:30 PM CST"</calibration_Time>
<nrOfFrames>45</nrOfFrames>
<image_Width>1920</image_Width>
<image_Height>1080</image_Height>
<board_Width>9</board_Width>
<board_Height>6</board_Height>
<square_Size>40.</square_Size>
<flagValue>0</flagValue>
<Camera_Matrix type_id="opencv-matrix">
  <rows>3</rows>
  <cols>3</cols>
  <dt>d</dt>
  <data>
    1.0373199354322114e+03 0. 9.5603049648084368e+02 0.
    1.0294857150487849e+03 5.2268185589271695e+02 0. 0. 1.</data></Camera_Matrix>
<Distortion_Coefficients type_id="opencv-matrix">
  <rows>5</rows>
  <cols>1</cols>
  <dt>d</dt>
  <data>
    -1.8157762676275516e-02 -1.8048075947732407e-03
    -3.1007207241019906e-03 -1.0933101632527712e-03
    8.6034076499491453e-03</data></Distortion_Coefficients>
<Avg_Reprojection_Error>4.4385988275315674e-01</Avg_Reprojection_Error>
<Per_View_Reprojection_Errors type_id="opencv-matrix">
  <rows>45</rows>
  <cols>1</cols>
  <dt>f</dt>
  <data>
    3.75445247e-01 4.46794093e-01 3.50934863e-01 2.52894878e-01
    2.76310563e-01 3.15285236e-01 3.65569949e-01 3.95098329e-01
    3.60778749e-01 2.88410097e-01 2.88719177e-01 3.23279500e-01
    3.19809854e-01 3.77329022e-01 4.53953713e-01 3.69318068e-01
    3.99431169e-01 3.83629709e-01 3.78053188e-01 3.50686401e-01
    3.57025594e-01 3.10615242e-01 3.58038008e-01 2.55525053e-01
    3.77614856e-01 4.25376505e-01 3.99668932e-01 4.19567257e-01
    3.90716910e-01 4.16700840e-01 4.50898975e-01 3.16984892e-01
    3.04443359e-01 2.49785602e-01 2.62282073e-01 2.87497371e-01
    1.94480622e+00 2.65954554e-01 2.32093185e-01 2.31342867e-01
    2.58391470e-01 2.50462264e-01 2.70305336e-01 2.65107006e-01
    2.54521668e-01</data></Per_View_Reprojection_Errors>
<!-- a set of 6-tuples (rotation vector + translation vector) for each view -->
<Extrinsic_Parameters type_id="opencv-matrix">
  <rows>45</rows>
  <cols>6</cols>
  <dt>d</dt>
  <data>
    2.8333379975448575e-01 -5.6695297040107603e-02
    2.8203060991184265e-02 -3.0944867586871203e+02
    -1.3909727658540703e+02 4.3361236202757243e+02
    3.0032930860762080e-01 -2.6325593075061344e-02
    1.5129534682435301e-02 -2.8117179787796022e+02
    -1.5015515984829054e+02 4.3978383430510956e+02
    2.8087891317926428e-01 3.6840270628281540e-03 5.8432429244430961e-03
    -2.5153419788419328e+02 -1.5302224874090280e+02
    4.4707210560983424e+02 2.3669863999947624e-01 7.0447279686174152e-03
    -7.5042089045097588e-03 -2.3488346924362409e+02
    -1.4909044545906795e+02 4.5265981848229541e+02
    2.3168026179174681e-01 2.5214677327041933e-02
    -1.1562720697484950e-02 -2.1994873338213827e+02
    -1.5780363653596899e+02 4.4983718558210825e+02
    2.2828613247492743e-01 5.7464244209723500e-02
    -1.2547537323807464e-02 -1.8396215857064124e+02
    -1.5980945311215473e+02 4.5555450725149171e+02
    2.1641590081736728e-01 1.0052712224312398e-01
    -1.4899710974774273e-03 -1.3806120804264964e+02
    -1.5609349347122563e+02 4.5946600853215881e+02
    2.1566566772982157e-01 1.2767710795141624e-01
    -2.1834653368141228e-02 -9.1795707572476772e+01
    -1.5698861207401254e+02 4.5995559538176144e+02
    2.1851161518427814e-01 1.5585657730320129e-01
    -4.0927450101458186e-02 -5.7655290074318138e+01
    -1.5830130209992760e+02 4.5873351652471052e+02
    2.1387399426189702e-01 1.7607769110282978e-01
    -4.5149981378097157e-02 -3.1512276876904011e+01
    -1.5939389284837299e+02 4.5233939500159511e+02
    1.9170561397178271e-01 1.8231821938868475e-01
    -1.9803353049896912e-02 -2.5924083255576214e+01
    -1.4863210434229379e+02 4.5213507370804831e+02
    1.6373792275820506e-01 1.8751123797908137e-01
    -2.9749748905336930e-02 -2.4216625372165648e+01
    -1.2488031451389143e+02 4.4888927146523713e+02
    1.3022050342841157e-01 1.9388478336062762e-01
    -5.4577102566809650e-02 -1.6643882752767439e+01
    -9.6121493156503107e+01 4.5164436964736188e+02
    1.2265901064567428e-01 2.0802628955124933e-01
    -5.6316139282635597e-02 1.2002206960744710e-01
    -9.2686423155253465e+01 4.4811241371925269e+02
    1.2544140368048945e-01 1.9275071064584023e-01
    -5.2892528480435914e-02 -2.2744564329311995e+01
    -9.3033943429646285e+01 4.4469305428903004e+02
    1.1818111860113364e-01 1.6674439729932755e-01
    -3.3791398576754991e-02 -4.8270901676989830e+01
    -9.0351037367889930e+01 4.4576545187372722e+02
    1.2371579539805569e-01 1.3676077392817038e-01
    -2.9334811323246834e-02 -8.0141296603182582e+01
    -9.4073556016280008e+01 4.3971220369251864e+02
    1.2488016858786859e-01 1.1282196938883068e-01
    -2.9912339018890285e-02 -1.0606958241780060e+02
    -9.2235175544032643e+01 4.3971364332683856e+02
    1.3809481960250106e-01 8.6709899914638400e-02
    -4.7729211100034960e-02 -1.3716731459756750e+02
    -9.5609876147018127e+01 4.3155086631238299e+02
    1.3511895088509232e-01 6.9979271066944543e-02 6.6746631871329883e-04
    -1.5345459386820846e+02 -1.0216258014209266e+02
    4.2369444206110586e+02 1.0129915958698021e-01 5.2496950855514125e-02
    2.7017426686094365e-03 -1.7075733265882852e+02
    -7.5745297700251683e+01 4.2547615363414479e+02
    9.1101000341685015e-02 4.0218944656427585e-02 6.2049689561272849e-03
    -1.9535484436398971e+02 -7.0269719059767453e+01
    4.5229231060008408e+02 8.5435901548454152e-02 5.7881900683050373e-03
    3.3616387543260740e-03 -2.3999393371107817e+02
    -6.8201397150403125e+01 4.4225224971307733e+02
    7.8838102197045207e-02 -2.0146210775865387e-02
    1.2426834852565865e-02 -2.7277924704241042e+02
    -6.1400033088801656e+01 4.3904785243822863e+02
    6.8241722284600709e-02 -4.5473138646724150e-02
    2.5324306818340254e-02 -3.0727198592842939e+02
    -5.9236024103496128e+01 4.2932501081641914e+02
    8.3286622474198477e-02 -5.8751470519501157e-02
    3.4427716900626716e-02 -3.2581483981881172e+02
    -7.4081576227346844e+01 4.2004433810267824e+02
    8.0730013585402563e-02 -7.4490857044038572e-02
    3.9168471947570886e-02 -3.5104967546697884e+02
    -7.5854101452139034e+01 4.1114548210116891e+02
    4.9525833071871375e-02 -7.5104361351171975e-02
    4.0814439711489743e-02 -3.4628463521508110e+02
    -5.2470660426049214e+01 4.0777820769191362e+02
    1.3126403952026282e-02 -7.5251366690983673e-02
    2.1778637168085108e-02 -3.5045423818175726e+02
    -1.9487334474688943e+01 4.0982405811857654e+02
    -3.1250681791357448e-03 -7.5481772149720294e-02
    -9.1750232971942649e-03 -3.4356589537264477e+02
    -1.2681825300584606e+00 4.1085390652351322e+02
    -1.2715950842020834e-03 -5.1647874604224854e-02
    -9.9617263316462666e-03 -3.1900119285017587e+02
    -2.8781810414054352e+00 4.2060028114185360e+02
    6.3553367699624302e-03 -1.9272931391832487e-02
    7.2443527048926025e-03 -2.9345238203336595e+02
    -1.2910563162917912e+01 4.2792768808085771e+02
    -1.1564148620728633e-03 2.3982494198633287e-02
    1.9895819799332828e-02 -2.5177402908972738e+02
    -1.0446921316035191e+01 4.3933569754755410e+02
    -1.9936982436313099e-03 5.8326455000216465e-02
    1.1694830237997630e-02 -2.1811208436682514e+02
    -7.2582176635603330e+00 4.4861906131899769e+02
    -3.9906646165848306e-03 8.2178156489608745e-02
    -3.7004423395024600e-03 -1.9028882957320496e+02
    -3.2020723545923970e+00 4.5243331394629473e+02
    -5.8797362330290049e-03 8.8107907469094623e-02
    -5.7134226084920841e-03 -1.8317925598902636e+02
    -1.3602093725809039e+00 4.5367015599613046e+02
    4.1812617791138025e-03 1.0280802114904025e-01
    -8.1478648106339431e-03 -1.7704004545920296e+02
    -6.5914800175183008e-01 4.5497190823565597e+02
    -8.9544137872617589e-03 9.9245871538403266e-02
    -7.1849335076414897e-03 -1.7086707989385306e+02
    -4.5138949882181600e-01 4.5520249062872830e+02
    -9.0091469986548003e-03 1.0356435003566260e-01
    -1.2886357522561172e-02 -1.6418458064878263e+02
    1.5148239159623278e+00 4.5607298815461621e+02
    -1.1260572931407021e-02 1.0738540218827822e-01
